31901
31954
31990
32027
32061
32116
32118
32130
32116
32134
32156
32166
32198
32219
32250
32260
32277
32294
32336
32362
32406
32443
32492
32540
32572
32616
32600
32576
32560
32607
32624
32617
32617
32671
32715
32741
32775
32806
32864
32885
32897
32918
32947
33026
33102
33162
33229
33293
33332
33404
33446
33500
33536
33564
33597
33601
33608
33621
33626
33610
33592
33568
33532
33489
33438
33373
33300
33206
33111
32995
32870
32769
32680
32568
32464
32327
32213
32089
31985
31864
31740
31629
31537
31432
31324
31225
31123
31055
30980
30909
30821
30746
30682
30625
30581
30556
30538
30531
30520
30567
30673
30784
30761
30737
30752
30793
30862
30956
31083
31205
31363
31494
31610
31766
31937
32139
32276
32405
32575
32761
32946
33149
33329
33536
33705
33903
34083
34256
34404
34551
34716
34859
34996
35159
35293
35406
35528
35619
35720
35866
36000
36070
36134
36185
36243
36287
36327
36409
36454
36471
36445
36425
36383
36317
36249
36181
36100
35986
35834
35701
35553
35391
35215
35039
34815
34590
34398
34139
33905
33709
33495
33277
32984
32750
32486
32232
31961
31726
31501
31259
31040
30816
30577
30374
30195
30028
29853
29700
29564
29468
29373
29273
29188
29135
29088
29037
28998
28974
28940
28941
28939
28935
28945
28974
29017
29074
29129
29191
29263
29312
29365
29448
29496
29578
29658
29712
29784
29855
29922
29978
30024
30071
30100
30149
30180
30216
30249
30274
30313
30330
30349
30361
30360
30358
30339
30326
30307
30284
30266
30256
30228
30206
30182
30164
30130
30108
30074
30038
30025
30001
29978
29959
29942
29926
29939
29949
29966
29970
29971
30000
30020
30058
30098
30141
30170
30213
30274
30330
30393
30485
30572
30630
30700
30776
30877
30966
31063
31166
31274
31403
31539
31657
31799
31912
32012
32122
32248
32362
32485
32612
32731
32855
32964
33083
33209
33333
33425
33520
33593
33677
33767
33843
33912
33963
34012
34055
34109
34150
34188
34230
34255
34273
34291
34290
34283
34286
34277
34265
34243
34210
34177
34146
34115
34074
34022
33988
33941
33887
33831
33787
33736
33689
33630
33587
33539
33490
33449
33405
33344
33292
33246
33194
33192
33184
33184
33140
33118
33126
33133
33109
33093
33076
33061
33034
32990
32964
32939
32916
32873
32826
32778
32751
32690
32607
32548
32484
32416
32335
32263
32200
32130
32041
31964
31887
31821
31746
31659
31570
31489
31393
31325
31246
31165
31079
30985
30903
30813
30725
30617
30552
30455
30359
30297
30214
30142
30065
29996
29922
29867
29825
29769
29724
29690
29643
29612
29580
29553
29538
29514
29483
29461
29438
29429
29378
29362
29344
29363
29319
29295
29291
29288
29259
29232
29195
29138
29116
29080
29021
28955
28907
28834
28758
28673
28614
28530
28413
28291
28190
28075
27983
27867
27750
27700
27678
27649
27537
27458
27392
27347
27253
27174
27095
27015
26961
26885
26804
26750
26693
26616
26519
26436
26329
26216
26103
25980
25865
25735
25599
25483
25391
25286
25179
25095
24988
24887
24793
24698
24614
24542
24466
24400
24342
24287
24222
24176
24152
24113
24089
24067
24076
24061
24053
24046
24042
24044
24054
24066
24067
24066
24077
24082
24099
24120
24142
24157
24166
24182
24198
24221
24226
24232
24222
24227
24229
24222
24215
24208
24184
24148
24112
24070
24020
23976
23913
23859
23785
23702
23630
23539
23465
23372
23285
23184
23091
22980
22874
22755
22660
22614
22604
22564
22453
22401
22406
22397
22282
22224
22193
22154
22084
22011
21952
21914
21887
21825
21734
21666
21611
21489
21391
21302
21226
21106
20980
20879
20847
20740
20599
20491
20504
20465
20395
20349
20374
20406
20427
20480
20540
20636
20720
20771
20827
21002
21165
21310
21436
21677
21965
22158
22217
22355
22551
22690
22775
22860
22927
23010
23078
23167
23239
23293
23343
23378
23378
23375
23360
23300
23237
23205
23193
23134
23096
23042
23036
22998
22982
22963
22919
22892
22885
22889
22892
22902
22904
22912
22932
22963
22996
23021
23071
23120
23176
23252
23305
23371
23434
23516
23627
23721
23821
23932
24031
24213
24380
24550
24653
24818
24960
25130
25240
25382
25532
25678
25825
25996
26150
26329
26532
26708
26896
27060
27237
27366
27496
27631
27771
27893
28002
28096
28202
28295
28398
28504
28598
28686
28788
28896
28993
29090
29167
29268
29361
29465
29575
29671
29776
29877
29997
30103
30218
30320
30417
30527
30631
30756
30862
30967
31091
31187
31337
31467
31590
31686
31783
31898
32018
32112
32189
32286
32373
32458
32568
32649
32735
32806
32861
32938
32992
33032
33064
33102
33140
33174
33189
33216
33239
33267
33284
33314
33341
33352
33361
33366
33388
33393
33417
33426
33443
33450
33476
33498
33527
33566
33600
33626
33648
33679
33714
33753
33796
33830
33871
33910
33941
33983
34018
34037
34067
34115
34140
34165
34184
34227
34261
34283
34320
34349
34376
34406
34428
34434
34449
34483
34503
34511
34528
34556
34581
34595
34619
34632
34623
34631
34623
34619
34611
34601
34587
34568
34538
34512
34481
34454
34432
34390
34358
34314
34276
34228
34176
34113
34074
34040
33983
33941
33872
33819
33796
33742
33665
33618
33575
33520
33453
33405
33341
33278
33211
33139
33061
33003
32928
32870
32790
32721
32647
32558
32466
32407
32355
32292
32230
32191
32141
32089
32029
31972
31911
31859
31813
31784
31746
31700
31663
31627
31589
31561
31543
31506
31488
31464
31443
31363
31249
31245
31270
31158
30957
30956
31005
30947
30890
30898
30909
30881
30903
30898
30939
30980
31007
31023
31096
31202
31263
31302
31369
31439
31464
31462
31483
31496
31489
31483
31468
31441
31401
31387
31369
31329
31264
31230
31203
31159
31101
31066
31008
30956
30916
30852
30816
30773
30732
30679
30631
30582
30535
30476
30414
30358
30318
30254
30199
30207
30267
30217
30113
30094
30127
30073
29987
29959
29916
29857
29788
29771
29713
29678
29627
29529
29470
29422
29339
29250
29204
29194
29143
29093
29087
29083
29097
29107
29138
29171
29186
29178
29191
29222
29237
29175
29019
29030
29157
29071
28828
28819
28989
28948
28768
28766
28875
28890
28872
28866
28956
29030
29075
29098
29193
29345
29402
29420
29515
29624
29661
29658
29693
29727
29712
29694
29674
29623
29567
29531
29501
29431
29336
29244
29165
29063
28955
28856
28767
28703
28612
28498
28391
28319
28239
28150
28057
27993
27922
27861
27798
27745
27706
27655
27608
27591
27575
27556
27521
27498
27495
27481
27491
27492
27500
27506
27533
27562
27581
27615
27632
27640
27579
27584
27675
27727
27733
27770
27850
27923
27983
28041
28093
28158
28227
28285
28351
28451
28538
28618
28710
28815
28920
29002
29072
29149
29214
29288
29362
29432
29507
29596
29684
29770
29867
29975
30057
30195
30368
30509
30620
30760
30943
31097
31253
31426
31612
31824
32045
32275
32568
32859
33094
33388
33682
34006
34313
34625
34946
35271
35625
35973
36383
36715
37108
37493
37911
38330
38676
39057
39456
39828
40207
40564
41002
41398
41797
42147
42478
42814
43135
43418
43750
44037
44263
44481
44695
44915
45118
45340
45499
45664
45799
45963
46094
46201
46306
46445
46533
46621
46662
46733
46775
46821
46872
46902
46916
46920
46912
46907
46888
46858
46819
46760
46719
46690
46644
46591
46540
46492
46431
46394
46354
46310
46267
46238
46204
46175
46144
46124
46108
46099
46098
46126
46146
46168
46200
46247
46304
46359
46441
46516
46614
46709
46819
46938
47071
47245
47394
47561
47749
47969
48202
48449
48705
48980
49244
49525
49852
50135
50477
50786
51101
51464
51796
52137
52485
52884
53262
53680
54062
54457
54883
55218
55608
56008
56391
56767
57111
57441
57731
58062
58378
58623
58931
59337
59661
59975
60264
60636
60939
61264
61594
61851
62148
62419
62662
62968
63299
63559
63764
63998
64208
64412
64599
64762
64926
65076
65198
65298
65399
65468
65546
65585
65611
65631
65646
65653
65639
65632
65589
65549
65501
65451
65417
65361
65324
65299
65265
65233
65194
65156
65139
65113
65088
65012
64920
64927
64903
64863
64838
64845
64859
64863
64886
64893
64907
64914
64928
64947
64986
65044
65095
65159
65246
65295
65340
65397
65434
65465
65509
65542
65566
65562
65533
65559
65589
65582
65575
65593
65600
65610
65621
65624
65624
65608
65590
65576
65577
65572
65568
65552
65562
65552
65535
65508
65466
65428
65369
65308
65249
65187
65117
65019
64912
64839
64753
64649
64527
64409
64290
64172
64047
63919
63818
63706
63558
63442
63299
63128
62978
62787
62601
62422
62252
62068
61873
61699
61513
61310
61185
61011
60779
60477
60284
60170
59966
59739
59564
59417
59271
59056
58805
58641
58525
58330
58127
57967
57849
57702
57570
57468
57324
57192
57110
56980
56773
56569
56452
56302
56113
55923
55719
55507
55252
54958
54590
54258
54044
53770
53391
53056
52719
52483
52193
51861
51510
51251
51059
50778
50415
50133
49928
49715
49480
49216
48914
48616
48312
47977
47544
47207
46948
46636
46311
45988
45634
45361
45104
44852
44570
44316
44062
43824
43611
43361
43194
43044
42902
42702
42496
42308
42133
41942
41745
41586
41417
41283
41118
40949
40805
40681
40548
40424
40273
40134
40020
39917
39799
39684
39598
39505
39394
39305
39200
39133
39049
38956
38870
38774
38687
38596
38515
38423
38351
38257
38161
38080
37990
37891
37791
37706
37612
37526
37431
37326
37218
37105
36981
36836
36716
36588
36447
36297
36150
36031
35884
35751
35603
35429
35260
35099
34949
34798
34643
34514
34380
34234
34089
33974
33868
33752
33634
33535
33410
33321
33220
33124
33033
32940
32854
32771
32696
32631
32565
32496
32445
32370
32318
32244
32197
32140
32108
32056
31991
31938
31881
31824
31760
31705
31639
31585
31507
31439
31366
31318
31265
31206
31164
31105
31042
30990
30947
30890
30850
30803
30748
30713
30684
30648
30612
30584
30576
30550
30533
30519
30507
30494
30475
30455
30450
30426
30424
30407
30415
30414
30419
30403
30386
30373
30364
30346
30341
30327
30296
30272
30262
30222
30208
30181
30144
30115
30096
30061
30021
30004
29979
29957
29923
29899
29864
29850
29819
29786
29763
29743
29720
29675
29603
29596
29605
29582
29566
29575
29579
29567
29561
29573
29585
29589
29577
29587
29587
29612
29631
29654
29664
29669
29682
29692
29714
29741
29750
29760
29774
29785
29803
29812
29814
29832
29865
29897
29917
29918
29928
29945
29962
29968
29989
30015
30028
30043
30074
30097
30115
30138
30133
30164
30195
30236
30273
30323
30344
30360
30366
30402
30433
30458
30480
30519
30535
30557
30589
30605
30630
30643
30653
30677
30701
30721
30761
30795
30820
30860
30869
30897
30918
30931
30977
31008
31048
31100
31148
31191
31230
31263
31294
31339
31369
31311
31188
31264
31356
31341
31312
31358
31396
31405
31399
31448
31463
31482
31483
31501
31528
31561
31591
31637
31678
31654
31634
31641
31637
31594
31572
31530
31503
31486
31462
31416
31353
31313
31281
31238
31188
31148
31103
31072
31032
30969
30947
30942
30913
30885
30879
30879
30880
30873
30890
30894
30917
30931
30939
30971
30976
30987
31012
31022
31036
31041
31051
31060
31056
31071
31075
31088
31093
31099
31110
31125
31122
31137
31140
31148
31149
31145
31149
31169
31177
31196
31208
31237
31265
31293
31313
31311
31313
31370
31435
31461
31500
31452
31411
31533
31618
31638
31661
31741
31808
31873
31945
32049
32109
32198
32278
32370
32474
32594
32703
32833
32950
33027
33126
33256
33358
33431
33506
33580
33677
33779
33889
33989
34072
34178
34270
34360
34447
34538
34645
34740
34818
34897
34999
35096
35188
35283
35351
35434
35529
35604
35687
35770
35845
35927
36030
36121
36201
36285
36353
36453
36545
36618
36707
36809
36919
37001
37075
37171
37244
37312
37402
37581
37837
38006
37992
38037
38177
38282
38313
38317
38368
38437
38471
38526
38560
38579
38572
38525
38508
38456
38380
38299
38267
38233
38181
38149
38130
38109
38098
38064
38008
37962
37944
37931
37908
37869
37844
37835
37823
37795
37778
37765
37771
37755
37736
37710
37692
37684
37671
37655
37638
37610
37582
37588
37578
37554
37536
37517
37500
37472
37421
37404
37408
37435
37424
37382
37372
37378
37356
37329
37310
37291
37269
37243
37242
37224
37209
37180
37149
37122
37096
37063
37031
37008
36986
36967
36942
36917
36883
36858
36892
36964
36970
36900
36893
36915
36886
36845
36815
36782
36752
36721
36729
36815
36831
36731
36680
36667
36633
36528
36442
36395
36338
36275
36244
36228
36199
36159
36105
36051
35986
35914
35886
35872
35831
35786
35764
35751
35739
35724
35713
35708
35699
35681
35695
35704
35704
35715
35747
35759
35766
35767
35789
35821
35852
35862
35885
35908
35919
35935
35966
35989
36024
36042
36074
36117
36147
36178
36206
36253
36295
36357
36416
36461
36509
36572
36642
36721
36798
36892
36991
37099
37241
37368
37532
37722
37890
38095
38319
38553
38806
39063
39332
39630
39953
40256
40590
40938
41277
41673
42020
42388
42792
43161
43511
43859
44243
44607
45039
45440
45877
46272
46611
47068
47452
47875
48319
48698
49149
49521
49939
50288
50655
51044
51367
51660
51908
52142
52346
52511
52695
52842
52973
53070
53159
53246
53309
53370
53415
53439
53460
53471
53484
53493
53488
53476
53455
53429
53388
53363
53340
53297
53261
53225
53204
53180
53145
53111
53078
53066
53051
53049
53045
53046
53034
53034
53035
53060
53066
53067
53098
53126
53170
53211
53250
53298
53351
53397
53442
53488
53533
53594
53671
53746
53815
53905
53997
54104
54193
54286
54392
54497
54594
54652
54690
54803
54909
54985
55047
55161
55264
55358
55450
55562
55654
55743
55836
55953
56050
56154
56261
56397
56501
56595
56676
56764
56852
56935
56988
57061
57108
57159
57213
57258
57298
57359
57392
57425
57447
57487
57528
57557
57585
57608
57621
57650
57658
57670
57684
57698
57713
57718
57727
57731
57729
57726
57742
57737
57726
57706
57693
57656
57626
57582
57531
57481
57429
57372
57323
57256
57174
57089
57042
56984
56896
56827
56752
56669
56576
56485
56401
56299
56200
56102
56027
55939
55868
55786
55707
55634
55535
55454
55360
55253
55157
55017
54813
54700
54637
54526
54390
54295
54215
54111
53994
53889
53782
53649
53509
53371
53253
53139
53036
52910
52818
52654
52476
52312
52152
51965
51780
51597
51384
51148
50954
50763
50526
50276
50013
49741
49496
49200
48906
48606
48400
48082
47826
47541
47262
46987
46705
46440
46220
45973
45742
45512
45297
45089
44867
44679
44503
44329
44164
43990
43804
43649
43459
43281
43081
42897
42719
42576
42417
42239
42075
41900
41746
41590
41465
41304
41159
41025
40897
40754
40605
40490
40352
40208
40100
39943
39813
39655
39509
39352
39219
39067
38926
38755
38616
38471
38325
38194
38067
37944
37784
37671
37531
37408
37250
37111
36972
36825
36680
36541
36416
36289
36181
36054
35927
35811
35715
35606
35485
35383
35286
35149
35037
34934
34825
34708
34608
34520
34418
34333
34235
34160
34074
33987
33923
33850
33781
33722
33659
33563
33519
33447
33387
33333
33282
33226
33177
33123
33056
32992
32933
32886
32845
32785
32737
32691
32653
32609
32550
32519
32481
32414
32369
32324
32268
32235
32185
32129
32073
32017
31940
31897
31855
31798
31751
31682
31622
31565
31508
31435
31375
31311
31231
31158
31100
31015
30933
30848
30781
30722
30641
30575
30521
30448
30370
30299
30228
30171
30089
30003
29937
29864
29806
29739
29678
29623
29561
29522
29467
29396
29338
29290
29243
29205
29154
29106
29066
29031
28996
28963
28945
28994
29117
29030
28940
28980
29020
28985
28969
28981
28994
28969
28965
28977
29045
29046
29017
28997
29002
28978
28944
28962
29027
29047
29092
29167
29230
29293
29347
29384
29404
29465
29561
29632
29675
29746
29822
29909
29982
30045
30128
30205
30250
30299
30345
30413
30458
30505
30540
30588
30605
30633
30662
30677
30668
30660
30666
30658
30667
30660
30644
30630
30619
30614
30603
30586
30580
30569
30552
30536
30526
30519
30524
30517
30502
30507
30512
30511
30502
30494
30494
30511
30517
30521
30515
30516
30509
30513
30500
30512
30532
30553
30578
30606
30619
30630
30644
30664
30682
30716
30715
30727
30746
30757
30771
30786
