31901.89095139439
31954.922325127165
31990.501107795346
32027.505870780613
32061.439821273016
32116.11715229082
32118.044790825574
32130.675028763162
32116.071832204416
32134.56733438981
32156.787665172036
32166.86386842432
32198.68162911926
32219.397600012897
32250.548232814377
32260.990341480403
32277.339439972886
32294.192125163623
32336.69278937214
32362.67030020993
32406.85869677977
32443.035363338833
32492.44522457907
32540.855612320138
32572.172338175027
32616.47214288431
32600.02376010502
32576.384644728667
32560.27567780345
32607.260281032966
32624.584670285058
32617.435549049627
32617.020353725835
32671.67021289644
32715.441065839157
32741.863061843607
32775.27321962533
32806.349518936964
32864.72087102447
32885.910552104244
32897.55640968504
32918.25715301242
32947.10537791453
33026.77858436131
33102.274392441985
33162.650395227756
33229.712977994626
33293.670553291675
33332.15032122995
33404.41021103481
33446.45443913907
33500.28902147552
33536.90602200389
33564.066961352415
33597.854017276826
33601.78404950198
33608.245205754145
33621.61999241704
33626.59748104184
33610.26507502946
33592.628724687165
33568.47687310765
33532.828884158414
33489.14066412592
33438.738931544685
33373.329110173945
33300.791045351674
33206.02352961428
33111.88441299941
32995.73145280498
32870.61518617319
32769.873159695824
32680.345298784043
32568.544749900153
32464.24988490097
32327.480035881374
32213.89556302353
32089.185123599153
31985.14441108768
31864.943093193277
31740.17262109665
31629.596401154642
31537.66820245168
31432.92398227894
31324.72837092605
31225.812704353815
31123.199782985634
31055.69246286611
30980.943952863672
30909.1569286566
30821.273833642033
30746.651658930263
30682.388678101128
30625.67411395686
30581.6537555761
30556.0891191456
30538.00941405986
30531.59334233745
30520.157339569574
30567.16945063971
30673.69156168742
30784.39975558591
30761.2174828069
30737.726536539943
30752.175907294444
30793.695468928963
30862.138082697245
30956.479843881716
31083.90322424952
31205.660560489203
31363.384377354574
31494.638984356505
31610.2205669229
31766.056170371874
31937.44846634376
32139.55803325663
32276.302596664038
32405.87728767109
32575.580059887357
32761.418401618907
32946.06816694284
33149.46461528456
33329.10253624954
33536.728929354336
33705.805590392396
33903.44665438605
34083.33830476688
34256.273266218406
34404.65956749108
34551.81316131096
34716.07608391118
34859.13757214934
34996.10236870058
35159.48497151937
35293.4161710975
35406.41765699924
35528.18713859436
35619.26383320776
35720.087871008385
35866.53347494479
36000.72540198379
36070.428835384315
36134.72130498121
36185.13504882765
36243.922740358496
36287.92269324687
36327.99439371171
36409.798418415514
36454.97684828239
36471.03849742421
36445.86861810114
36425.841028911185
36383.27023835479
36317.4682262286
36249.805792813655
36181.19177827022
36100.3512795681
35986.78493490608
35834.91200673134
35701.5018172497
35553.42221066973
35391.7875450913
35215.71720996057
35039.40383120859
34815.53033805001
34590.507439636734
34398.423273729604
34139.83329488624
33905.08132532668
33709.473177802196
33495.21890113232
33277.67452380829
32984.72028818849
32750.67285800714
32486.55981249193
32232.18293435812
31961.36410542415
31726.655843076718
31501.769897102407
31259.959739540474
31040.981616770547
30816.471099216968
30577.88978979324
30374.13792462704
30195.250152215383
30028.797941078188
29853.310391698964
29700.133499367297
29564.81644104833
29468.612436789517
29373.75887047531
29273.052980491175
29188.051530516153
29135.238814428427
29088.48227162561
29037.765165242065
28998.142005118953
28974.102410466578
28940.655494747913
28941.141949743916
28939.151410764513
28935.97346704876
28945.461329400678
28974.695402129182
29017.437948517705
29074.279563163855
29129.206643681537
29191.850697218142
29263.35865702429
29312.450265618685
29365.714929487567
29448.738926969523
29496.02333563635
29578.824699676727
29658.993526871098
29712.925753468295
29784.539083579602
29855.06791336085
29922.37085493812
29978.190811728407
30024.50201989173
30071.137223077956
30100.04606502477
30149.841741997338
30180.281444095155
30216.6200714195
30249.81978426792
30274.270837244465
30313.28983195156
30330.51604061936
30349.744299351973
30361.62145715518
30360.507545618828
30358.27378964804
30339.882629517204
30326.47147811843
30307.13978349179
30284.698413251546
30266.206923690243
30256.28673855599
30228.905721329636
30206.18407730245
30182.18457008331
30164.61505476768
30130.194115927006
30108.04609214767
30074.537525819847
30038.163940529525
30025.78905064969
30001.564082937348
29978.03145045745
29959.267685882165
29942.86099894894
29926.291263719886
29939.73670729331
29949.005077978185
29966.108932921896
29970.38369276667
29971.697407136766
30000.558197115643
30020.885314583964
30058.666994690335
30098.78049649509
30141.290030275137
30170.743452216277
30213.799725029352
30274.03995600705
30330.08140198451
30393.66424067496
30485.58316028987
30572.452394188094
30630.167159632267
30700.436190702858
30776.4939527167
30877.2048140613
30966.84456889501
31063.556383853607
31166.31915646099
31274.86700103565
31403.673447989608
31539.869743108728
31657.081928019932
31799.82233151554
31912.32364413879
32012.916947378417
32122.207345639195
32248.673668249692
32362.080904060513
32485.970795229332
32612.733284097052
32731.22033877816
32855.44846449268
32964.66515135343
33083.50262085988
33209.36054485479
33333.80701877871
33425.1499893491
33520.94863159506
33593.97106520277
33677.05051346035
33767.19624947627
33843.13209065442
33912.466234632506
33963.27240174411
34012.10643767597
34055.908598309645
34109.53925320923
34150.6227990146
34188.364661130254
34230.390948962995
34255.59906535789
34273.128055955174
34291.43049818363
34290.397100921866
34283.052019778
34286.35850389877
34277.23079709
34265.513847874245
34243.28800283332
34210.932907196795
34177.42547493861
34146.95101246456
34115.16751459104
34074.7478983901
34022.96943433243
33988.46498152714
33941.71995212866
33887.08329485177
33831.76433282788
33787.57442126988
33736.96717438142
33689.88362044819
33630.69454272364
33587.83304332522
33539.48239072393
33490.30071725419
33449.9226641266
33405.5354250243
33344.39048020809
33292.02682241058
33246.39873039627
33194.10671754871
33192.24019613502
33184.72917316333
33184.53890676996
33140.84851463499
33118.643387402844
33126.395165342576
33133.56000184698
33109.176554945276
33093.807912329205
33076.39210541215
33061.00850574262
33034.18205093107
32990.69208471785
32964.38313551163
32939.85167476228
32916.55775783549
32873.09701240857
32826.946730499185
32778.26126995575
32751.957045493396
32690.079972751915
32607.803509725545
32548.08904337175
32484.716272732174
32416.64629183097
32335.73133249649
32263.776332905483
32200.63703800412
32130.992659118296
32041.32590416591
31964.82229466573
31887.415224000044
31821.534797102224
31746.78660807182
31659.84281773223
31570.229064170027
31489.46500015553
31393.77019414259
31325.343405601085
31246.143282560795
31165.153152925195
31079.791921398268
30985.460445716755
30903.682312826095
30813.86281724055
30725.981221849164
30617.51499102329
30552.38082549033
30455.911904862427
30359.928264341528
30297.07185996543
30214.590296796094
30142.712614453445
30065.102307813344
29996.738143894287
29922.087000222542
29867.76949895749
29825.248138798048
29769.165862941154
29724.348076958937
29690.12150972949
29643.087286679638
29612.357415433624
29580.337125021586
29553.301921125156
29538.824807896694
29514.86408654254
29483.553825482188
29461.94820744539
29438.84664593978
29429.52756209261
29378.348170108162
29362.462287266113
29344.506910506672
29363.773441558216
29319.109802413477
29295.358404066246
29291.141820894587
29288.10048870608
29259.765898833113
29232.574549491437
29195.190450288515
29138.85582740432
29116.658793954757
29080.75155959964
29021.554995461036
28955.229131020078
28907.225246075373
28834.159272466186
28758.969292962163
28673.53754975379
28614.220548850684
28530.94212885263
28413.500558079275
28291.167395006567
28190.99050559794
28075.688560580715
27983.913100349273
27867.215567240677
27750.4602559984
27700.26019483084
27678.42777343229
27649.33555252988
27537.518142535566
27458.291784817036
27392.020310380234
27347.957784674792
27253.555274912986
27174.515708909035
27095.380614870508
27015.623188424106
26961.523750111664
26885.844296359923
26804.25757395426
26750.1189011199
26693.56345292459
26616.184215710542
26519.956732825176
26436.02257682578
26329.804679342335
26216.87563948637
26103.65047488518
25980.80622641403
25865.621283223107
25735.717387332545
25599.363465472925
25483.17807794905
25391.45155469373
25286.50794968356
25179.834665359434
25095.98456618567
24988.441919800407
24887.22879798567
24793.767699782093
24698.04893270662
24614.92324442869
24542.752102923532
24466.22375601618
24400.849438405297
24342.766652005157
24287.63896400378
24222.478310920163
24176.08584153893
24152.721853050272
24113.38228129728
24089.663263338934
24067.913963374398
24076.202272298884
24061.427448862916
24053.096154311188
24046.386756869753
24042.063707799716
24044.940809761683
24054.257835729848
24066.963934996165
24067.880076110345
24066.965199055932
24077.90882895127
24082.395080206898
24099.09455738938
24120.951651279684
24142.237591227247
24157.91855292527
24166.316572115626
24182.681354779095
24198.204105197674
24221.605359278998
24226.393945988897
24232.097635107973
24222.13573017179
24227.42697161045
24229.869683548946
24222.20669835798
24215.28704237304
24208.852342123137
24184.253620492233
24148.191197281183
24112.092545348733
24070.260011613405
24020.5264357768
23976.72806653394
23913.204792723813
23859.041210232604
23785.04733936507
23702.96422950953
23630.87507067859
23539.31171855099
23465.402445658798
23372.967823133717
23285.587998767223
23184.10787832018
23091.615019547382
22980.82494714628
22874.981456708923
22755.3695142698
22660.29194547487
22614.06296793776
22604.001341007137
22564.019053414548
22453.385087597522
22401.881106676483
22406.837749991406
22397.523431924907
22282.741142891624
22224.14440634848
22193.207781185905
22154.909052645482
22084.239993893272
22011.901070753996
21952.925213558203
21914.243434009106
21887.195359321344
21825.56735520035
21734.508331757774
21666.582993458658
21611.410183745902
21489.943991996864
21391.250100386434
21302.710812467667
21226.98558630501
21106.13257904264
20980.082792988414
20879.687289448342
20847.564472622307
20740.71807298485
20599.891784370655
20491.40621590075
20504.505471437307
20465.523903036556
20395.61640592452
20349.32512789876
20374.929414228747
20406.16254335767
20427.35792540475
20480.630730548157
20540.74741913348
20636.719022631485
20720.471902674104
20771.711622739374
20827.060504717454
21002.050659651457
21165.185125891407
21310.778045011837
21436.269693323513
21677.84895659303
21965.2898269826
22158.40184167959
22217.340283295354
22355.817227756765
22551.181497604455
22690.51915574125
22775.949269260258
22860.68506926042
22927.972689025988
23010.607951256567
23078.76952119048
23167.800898125235
23239.453372241296
23293.903207751628
23343.926913748917
23378.408120176606
23378.142732755477
23375.636042214188
23360.94959099211
23300.37628409494
23237.41001642407
23205.67423017454
23193.5928358349
23134.21734018474
23096.650421418446
23042.391066819895
23036.684474160757
22998.488548654233
22982.23700332579
22963.81143916869
22919.21329209631
22892.205329795506
22885.986451432876
22889.783437279308
22892.92005649121
22902.223175640767
22904.19535124679
22912.291768517684
22932.075284813112
22963.715756837417
22996.815282727446
23021.1399565785
23071.793493096997
23120.470601958044
23176.668674156703
23252.201170613713
23305.269731408396
23371.85525411223
23434.913707531807
23516.8173902152
23627.595326248025
23721.88467527248
23821.11083780503
23932.377399191308
24031.756919366493
24213.39796853681
24380.931059269104
24550.709587862293
24653.301395837483
24818.526238833187
24960.45707311511
25130.252902796805
25240.896118616736
25382.413754060697
25532.578993497005
25678.84996201151
25825.761819359268
25996.359690362773
26150.750052600364
26329.32899241886
26532.38129584119
26708.247045773052
26896.611749514374
27060.293015967967
27237.9405919185
27366.76008856471
27496.98869982049
27631.662288369473
27771.38754299691
27893.892894379598
28002.467483571927
28096.20897150157
28202.498471251154
28295.478364911643
28398.129689583668
28504.328942457243
28598.97685033908
28686.06091186461
28788.30081060469
28896.83614625079
28993.325572426944
29090.171453367504
29167.66793284139
29268.72944162442
29361.95411760144
29465.00308425977
29575.37563980876
29671.52131423288
29776.236944163524
29877.22306632888
29997.246007904847
30103.530551102616
30218.89395762481
30320.707259846014
30417.370855299047
30527.801920766775
30631.5436228949
30756.790989592722
30862.139733417564
30967.411948762503
31091.286989252912
31187.04047620207
31337.137498896274
31467.040408954304
31590.990279550188
31686.9893644679
31783.76751179941
31898.609468881157
32018.431038707346
32112.30590257054
32189.901560741208
32286.36419311162
32373.179461112035
32458.708862659067
32568.359124615974
32649.33141544874
32735.93862472646
32806.499890179635
32861.56612342038
32938.07041695089
32992.95246566454
33032.8989533751
33064.05445728048
33102.49555498763
33140.70252643508
33174.99097333934
33189.884840318744
33216.183699342306
33239.97086097517
33267.8868622916
33284.229103969854
33314.811892710786
33341.218851484235
33352.96934028148
33361.698418824446
33366.49298109933
33388.925552004584
33393.803447381964
33417.49333870554
33426.59211700453
33443.87886545734
33450.04228809022
33476.66367372362
33498.82695491631
33527.486044704245
33566.780840484585
33600.439231721226
33626.983927749774
33648.402303483694
33679.53931355525
33714.92172184903
33753.084095338185
33796.62169667715
33830.359128579286
33871.81584779946
33910.86892941331
33941.43346367532
33983.097615543746
34018.96231618945
34037.630725971765
34067.0311891698
34115.84164150358
34140.967476163016
34165.209069870696
34184.08662252616
34227.613695945
34261.443937904296
34283.145504096865
34320.75953451803
34349.263124712605
34376.42465616792
34406.799379424534
34428.203424534026
34434.14363821738
34449.0875859657
34483.8630420522
34503.57181926891
34511.279908625496
34528.137292631465
34556.516788992434
34581.40103682898
34595.69715602909
34619.45118313533
34632.70015974319
34623.914585742095
34631.64885195575
34623.42775391655
34619.74528767534
34611.109848525986
34601.73276924962
34587.61902015279
34568.043035338706
34538.72446916191
34512.34658832124
34481.955862795774
34454.40649888652
34432.898899925494
34390.96345906972
34358.98991726231
34314.00131359596
34276.50254777356
34228.86008106081
34176.95122145513
34113.131365197456
34074.63122327362
34040.14368118053
33983.26006254039
33941.33966853535
33872.203798770846
33819.84540794915
33796.70683397961
33742.27091998339
33665.62610191542
33618.8478162301
33575.03756052477
33520.679318128496
33453.30328859704
33405.15420270069
33341.217582080026
33278.89924678272
33211.207416597645
33139.39641343722
33061.97505243364
33003.205060672604
32928.11508007106
32870.35681444547
32790.5344241671
32721.231524359882
32647.148106068984
32558.317312327334
32466.655785177052
32407.655287526846
32355.216579080643
32292.784748154063
32230.50012812145
32191.7432570449
32141.57734893109
32089.804544267467
32029.57425428736
31972.89787636742
31911.415813569023
31859.514678379557
31813.065873517542
31784.845284139486
31746.12271658534
31700.0729573066
31663.995326566197
31627.985162524492
31589.33229781968
31561.38400575961
31543.39562318545
31506.264049889687
31488.26735348484
31464.109399272056
31443.682120007103
31363.98495407532
31249.4170841509
31245.350085077007
31270.424781251644
31158.731943238723
30957.919070671764
30956.60764195417
31005.012192181683
30947.26567234445
30890.935215138834
30898.99577026357
30909.39059590299
30881.53052693797
30903.518704208975
30898.72139063594
30939.652414250442
30980.282761998275
31007.30005051639
31023.435982396975
31096.244137997935
31202.597699792263
31263.936360832806
31302.974555482917
31369.91679075119
31439.62663262572
31464.872770898895
31462.910816984695
31483.354945345436
31496.912012918554
31489.156950139008
31483.963588955707
31468.019060928375
31441.968129165987
31401.31347918141
31387.584418551185
31369.907209291952
31329.840225766526
31264.38844307998
31230.966150728917
31203.111295940325
31159.978533732752
31101.6120961525
31066.556668329566
31008.67052850061
30956.62287505007
30916.82733247318
30852.518973826835
30816.891792591847
30773.209411807075
30732.424227629668
30679.52780901853
30631.157510652643
30582.222332391226
30535.322403196096
30476.469312319998
30414.29289679226
30358.623056709534
30318.019900180705
30254.389919005866
30199.705952493627
30207.687565745833
30267.482972588405
30217.019430555865
30113.894766317644
30094.711712899887
30127.18839507153
30073.989332871162
29987.48746519124
29959.441578076534
29916.631905517806
29857.320639120953
29788.87259638557
29771.303949906403
29713.601277371636
29678.43070264217
29627.407212850834
29529.073538720488
29470.083587568155
29422.39311395868
29339.74980257009
29250.617799124135
29204.757476857114
29194.442835018952
29143.12608910952
29093.34666694574
29087.804520479673
29083.475867783985
29097.146135041323
29107.23237293378
29138.18297228934
29171.41819135069
29186.536004499136
29178.574349627896
29191.38350728497
29222.744771222722
29237.22551732863
29175.329200110064
29019.554969079323
29030.647314877937
29157.02595817416
29071.240355553055
28828.831670146305
28819.014950205223
28989.9435596898
28948.655377969295
28768.688131857867
28766.28856954323
28875.20937460812
28890.930050303705
28872.759548144015
28866.691531331056
28956.596304292827
29030.797475223382
29075.837616833232
29098.34206514841
29193.86669629095
29345.89524217595
29402.973653187295
29420.8697214194
29515.463744070985
29624.449730494278
29661.06296249189
29658.299153721564
29693.23922833654
29727.101357134543
29712.87504853258
29694.70691670204
29674.46849526084
29623.014443074055
29567.36722174535
29531.946217538058
29501.73483886483
29431.35472370127
29336.12762526321
29244.213630756756
29165.21830282371
29063.86047692969
28955.940208129512
28856.047911591948
28767.597739738252
28703.996025166452
28612.3393314743
28498.82122610514
28391.567976360744
28319.40101039292
28239.19912646916
28150.5405047584
28057.266859627805
27993.590465361835
27922.377715363604
27861.470962420237
27798.201324462476
27745.757540532293
27706.43514961942
27655.396903825644
27608.8289672929
27591.93823680561
27575.833704692508
27556.738003074646
27521.49483337245
27498.632582719005
27495.885303081945
27481.958326074426
27491.0474836403
27492.131105738157
27500.425062067712
27506.05110820459
27533.933852687765
27562.683729997854
27581.798189285946
27615.09237230814
27632.8878601085
27640.77122266762
27579.720695337593
27584.67292184932
27675.213675420626
27727.65852124868
27733.833676345148
27770.354466794357
27850.16158954304
27923.903655622657
27983.040112668892
28041.45829674636
28093.258633425005
28158.403135326065
28227.28668718855
28285.880838535595
28351.056434179973
28451.90408167571
28538.083119431714
28618.50867245586
28710.345813636217
28815.99689862114
28920.939878962254
29002.32312104735
29072.168751204586
29149.36698969122
29214.855063806208
29288.624195631848
29362.94964102774
29432.02692921175
29507.02061974059
29596.548036656288
29684.824989617475
29770.780672463858
29867.20911256761
29975.968414169332
30057.425615147455
30195.630205064324
30368.77904476724
30509.25971991872
30620.00135345639
30760.142016528385
30943.14273394782
31097.202754928403
31253.13300137968
31426.191770079276
31612.138305147007
31824.240144760413
32045.988113378506
32275.234096021784
32568.76790815452
32859.57636560533
33094.648575341824
33388.223373214874
33682.08616125809
34006.290207554244
34313.477310412345
34625.81067142174
34946.05319487186
35271.23521009476
35625.04091039048
35973.20154578498
36383.785719015556
36715.691130648534
37108.01511388176
37493.47773641913
37911.31847650457
38330.63265629075
38676.03667374847
39057.25890078953
39456.751463524284
39828.3186474193
40207.57135736392
40564.0130525273
41002.96844526393
41398.796523351964
41797.76093265355
42147.1337078117
42478.68412851089
42814.23442225006
43135.668128887635
43418.40336121196
43750.889375040795
44037.49734095566
44263.32702454116
44481.33583005518
44695.67295717198
44915.29141167625
45118.55337147874
45340.59538297978
45499.17953970017
45664.872174935386
45799.14738308355
45963.56932745194
46094.549168000405
46201.880171535966
46306.701451986206
46445.117724908625
46533.05874657654
46621.34144562548
46662.42758939219
46733.292280097405
46775.752485993944
46821.22707117459
46872.57472878471
46902.95691903066
46916.49084101469
46920.76125759312
46912.57349179581
46907.910729444025
46888.658556958755
46858.39903986706
46819.03121557995
46760.12036194843
46719.598346048566
46690.80432214444
46644.038313298224
46591.39613024721
46540.43613556497
46492.564541134525
46431.72520856248
46394.37994644692
46354.59110531401
46310.5664729115
46267.40368124694
46238.408444724584
46204.84389927435
46175.26147295304
46144.70469730314
46124.312707298704
46108.749798342214
46099.58517930422
46098.55823610183
46126.23823465986
46146.23530448025
46168.42742898286
46200.06839091168
46247.818131866734
46304.6692322235
46359.33945884416
46441.83157839139
46516.98909726483
46614.23925879452
46709.67116819481
46819.614315935265
46938.48613805705
47071.97451243442
47245.71791059454
47394.386862318934
47561.69355245084
47749.66393048566
47969.45455674432
48202.752049963514
48449.930499349815
48705.96365485143
48980.55906768698
49244.034469192105
49525.73856927181
49852.18012309828
50135.95960176401
50477.61223721743
50786.876790494454
51101.607227970235
51464.34442245183
51796.319895130095
52137.235297744686
52485.986976528264
52884.5100875113
53262.19569012831
53680.63319135933
54062.911467126796
54457.878385651195
54883.721162226495
55218.50102241368
55608.484267862885
56008.99399937973
56391.19719122196
56767.859320303425
57111.64666856201
57441.2692801531
57731.090425012226
58062.708478224326
58378.2774645308
58623.208773085884
58931.214072933275
59337.095091829055
59661.044893349084
59975.09694490609
60264.2035113307
60636.32222306116
60939.00823947381
61264.673598384616
61594.4108477436
61851.120149194394
62148.389258073745
62419.522877663316
62662.37568909153
62968.71936251821
63299.28918986733
63559.71654051
63764.269742128214
63998.947558135
64208.372794024435
64412.56684908416
64599.173968820774
64762.068786634
64926.744242892404
65076.188565709715
65198.54316461732
65298.56092022808
65399.211827288105
65468.90883887347
65546.13678589638
65585.0109090678
65611.74581132397
65631.00166639069
65646.58546721913
65653.28653851982
65639.35091388739
65632.72716099532
65589.02822139842
65549.69437484434
65501.51800953039
65451.45704198369
65417.622890239414
65361.52189353926
65324.01475999078
65299.98609499128
65265.227596826946
65233.09627183759
65194.553314169774
65156.95638589518
65139.023540495655
65113.46799841
65088.42616247829
65012.3509423667
64920.89281204872
64927.28437369826
64903.043399564085
64863.10468696624
64838.6122301947
64845.161738683026
64859.32313886229
64863.94967777059
64886.96612517658
64893.65914003498
64907.573999383225
64914.793446969605
64928.91442878844
64947.59204284497
64986.801098360156
65044.78727694946
65095.240874735464
65159.2293132374
65246.19169374693
65295.723273389616
65340.87166971352
65397.37683797142
65434.60516110724
65465.34089091817
65509.0734346456
65542.18119106171
65566.47894579037
65562.78849266683
65533.61068368712
65559.58237184728
65589.62698490878
65582.82935505247
65575.25048290587
65593.26329448372
65600.79657397312
65610.42018096529
65621.23463014641
65624.88470583074
65624.17913306713
65608.6081974737
65590.10565546177
65576.5278370737
65577.51926312555
65572.91439909568
65568.21231687797
65552.05856676743
65562.61871704874
65552.28773764755
65535.083820033076
65508.69402775461
65466.5754331462
65428.21422718832
65369.632461562025
65308.57868336024
65249.913474205954
65187.498105275634
65117.12146463201
65019.85158745469
64912.541505236855
64839.078974638374
64753.54654887968
64649.99371319344
64527.049241880515
64409.76709830216
64290.01575002348
64172.83511016113
64047.33290759807
63919.94715981831
63818.573388360885
63706.09919607772
63558.07450420523
63442.45158470623
63299.207695578836
63128.42138056607
62978.823441292436
62787.555489869
62601.573438397936
62422.33638062151
62252.41738541124
62068.85199800307
61873.4062208865
61699.656584153396
61513.10633583609
61310.67842255363
61185.02361269079
61011.30918266008
60779.85422304917
60477.207118021324
60284.69837673262
60170.79820738543
59966.44740219631
59739.747874028195
59564.371599159545
59417.64534022818
59271.99824296411
59056.20472610638
58805.29493444821
58641.88222134029
58525.0004924704
58330.30527648453
58127.50180571963
57967.21529589353
57849.77022464203
57702.65316322134
57570.73985041571
57468.48736332929
57324.345897020845
57192.08920623436
57110.712855478894
56980.97428122372
56773.21928413769
56569.3270150611
56452.76872768985
56302.47597752661
56113.87262803031
55923.147097608715
55719.92392448007
55507.03267109801
55252.885240105985
54958.96464347005
54590.16380947683
54258.28127469474
54044.19603416228
53770.87871386489
53391.09369980847
53056.62536266945
52719.247976297425
52483.916152924634
52193.74386404259
51861.68976723802
51510.010224573016
51251.51770507704
51059.93988311122
50778.05672769784
50415.95443943678
50133.98187092182
49928.238449225646
49715.61804505923
49480.07236934972
49216.23385681927
48914.077376871464
48616.912732373334
48312.09950808179
47977.95982518278
47544.26980022062
47207.59699557232
46948.71339602922
46636.85685231977
46311.879430395944
45988.88207942275
45634.21031895627
45361.82663063606
45104.10679679732
44852.05239630814
44570.40302548593
44316.02449635197
44062.98694510734
43824.84874197384
43611.793732207494
43361.91219717498
43194.25226540029
43044.31829462583
42902.80953704013
42702.2519389404
42496.13690317177
42308.132366646256
42133.313835698646
41942.71444893767
41745.05391826769
41586.9943664374
41417.89326356146
41283.7395518956
41118.84371506425
40949.205626972594
40805.17875156641
40681.04757286524
40548.04338249468
40424.12110594222
40273.350747252625
40134.74761087957
40020.425133620716
39917.498964550316
39799.636839269224
39684.449160525895
39598.838398423075
39505.374322715594
39394.43158938605
39305.27367163718
39200.2916239951
39133.019168600884
39049.95737123202
38956.22981840206
38870.667501221076
38774.8976332678
38687.554731729266
38596.76935979101
38515.338891068175
38423.59572949195
38351.62001019564
38257.63447051658
38161.00412727003
38080.97567815252
37990.174847804796
37891.982801951555
37791.82569167385
37706.065346202224
37612.54714670971
37526.493529276035
37431.83849527737
37326.591686016385
37218.60492022168
37105.34251299911
36981.44494938539
36836.02263306412
36716.18656872635
36588.38767480288
36447.391075648455
36297.51947293752
36150.99895553258
36031.33876910176
35884.99557540759
35751.24765301908
35603.09880211461
35429.72421369236
35260.940316799606
35099.221712267296
34949.25198445445
34798.557359227074
34643.087242798516
34514.102777134125
34380.250005739246
34234.03471585412
34089.47394210632
33974.74344789602
33868.55550175011
33752.03117073506
33634.00994923199
33535.23880423837
33410.14042609109
33321.07974046356
33220.490524063294
33124.97070340061
33033.58990322819
32940.75736278651
32854.25394542062
32771.23189741292
32696.030229693566
32631.42005943901
32565.728642069807
32496.507644502984
32445.368953846162
32370.488577007385
32318.237325201342
32244.365324252132
32197.38308518463
32140.243749294048
32108.421429179496
32056.564410445877
31991.438983506836
31938.081826907168
31881.27562412897
31824.261029148194
31760.5567136353
31705.92658963214
31639.238407835393
31585.719486726164
31507.39616240277
31439.96509961111
31366.250394979856
31318.393071847204
31265.710862759097
31206.69401158805
31164.31922190015
31105.784083098355
31042.05293876024
30990.568211068283
30947.144954261934
30890.97236864882
30850.372020789135
30803.450626024733
30748.98170686851
30713.575103745934
30684.77166152918
30648.021103486928
30612.966823987914
30584.585342360333
30576.357707583622
30550.917799522853
30533.38681550691
30519.089117297193
30507.42344531658
30494.49686059893
30475.413465394144
30455.809069531122
30450.89479820266
30426.807113802017
30424.714408544984
30407.594735078466
30415.38718339648
30414.36622603009
30419.30063353919
30403.358027484537
30386.796145206587
30373.350601081205
30364.386445440752
30346.186465072922
30341.575380990784
30327.988165943716
30296.575752707227
30272.79958085703
30262.59430590044
30222.997045869026
30208.175773026458
30181.156420255378
30144.064651315966
30115.910261165533
30096.22699687361
30061.675275979367
30021.72776735361
30004.08522722306
29979.20921139905
29957.297060944755
29923.365337634677
29899.135119364586
29864.71372804882
29850.06123367876
29819.68888200176
29786.60755130941
29763.644306480484
29743.66531170356
29720.73010894981
29675.497965694478
29603.565225492534
29596.397504286313
29605.13917868489
29582.43767012453
29566.67693762686
29575.114425858137
29579.869718217287
29567.108360762308
29561.66228772371
29573.174618712288
29585.28368790904
29589.012661393626
29577.20279618186
29587.495191547016
29587.724281596085
29612.884206280924
29631.24863332497
29654.905797318424
29664.225388136765
29669.982683344344
29682.201362690954
29692.25399066582
29714.70488316187
29741.819730034582
29750.43354237412
29760.94019129974
29774.523925942416
29785.653363913116
29803.075247995574
29812.963385918465
29814.567907721015
29832.36376524128
29865.20226852073
29897.128508666094
29917.539743369714
29918.04481155503
29928.12515707003
29945.32175742158
29962.323534328854
29968.41270430777
29989.189780519737
30015.098594506522
30028.323158368385
30043.80240014575
30074.234829415727
30097.438770359146
30115.214907165086
30138.789650008304
30133.52756852246
30164.287342963242
30195.61441839501
30236.458093519628
30273.943271888038
30323.755975545664
30344.799295717996
30360.788192441327
30366.25971329664
30402.0554284696
30433.254255826432
30458.793710106824
30480.77793908951
30519.75340525241
30535.9630370769
30557.341754391226
30589.879339824
30605.113532725485
30630.05409095588
30643.571354874755
30653.192809487155
30677.63718988166
30701.96644304989
30721.442650297322
30761.2126952309
30795.560431709833
30820.644652217255
30860.743098008403
30869.96565333216
30897.572706502735
30918.640298161044
30931.51032695679
30977.561867654993
31008.804192783464
31048.258234577574
31100.049898355035
31148.042559542544
31191.561424618605
31230.279390333075
31263.197748665476
31294.284077414228
31339.998940541493
31369.182596349496
31311.7156858012
31188.658494451734
31264.73504294962
31356.24986018449
31341.990010579888
31312.681949418573
31358.64853412487
31396.116344848953
31405.572464142017
31399.994919965877
31448.967722628684
31463.746228828713
31482.752343586533
31483.392653583232
31501.380789273375
31528.666389504182
31561.840374404946
31591.035672278627
31637.96841529783
31678.615104801516
31654.629566447016
31634.608480492607
31641.196058546604
31637.87218812123
31594.224651632176
31572.594953391355
31530.880243642267
31503.84383437992
31486.57403189843
31462.47347584363
31416.230726254944
31353.31434637907
31313.70371830467
31281.968587563828
31238.154186840406
31188.414814491793
31148.521140285935
31103.582132029616
31072.196288694406
31032.930192321528
30969.08279413895
30947.12173713201
30942.23265527008
30913.623988260784
30885.442103026468
30879.886690962314
30879.79954039545
30880.296328745622
30873.509300142465
30890.88253522718
30894.65419757507
30917.21828194319
30931.110059412873
30939.649052697878
30971.33837564268
30976.504421497826
30987.681316620306
31012.038842478218
31022.32734944133
31036.051495192703
31041.406008121725
31051.195963499435
31060.759791537443
31056.17679403059
31071.633181256064
31075.54246277216
31088.990072110682
31093.348088600003
31099.953825401313
31110.795354939113
31125.79134265029
31122.720106979836
31137.28223724382
31140.774237068574
31148.951499037194
31149.79399568569
31145.96988176478
31149.410819502667
31169.904227899966
31177.581860189424
31196.190089008145
31208.73383409874
31237.695706303093
31265.937170243917
31293.869176891483
31313.243308479145
31311.28053846671
31313.43726529967
31370.682754562215
31435.021252013627
31461.007094386878
31500.679853563634
31452.93309009059
31411.201997815977
31533.732317024955
31618.85264398751
31638.69386192834
31661.8301615604
31741.17731357063
31808.082778451404
31873.167072194192
31945.867222245168
32049.234152613488
32109.73309357599
32198.38240062045
32278.13637361833
32370.42968326167
32474.083246113456
32594.087933519735
32703.697435033813
32833.09763177114
32950.68963786385
33027.38012893935
33126.39902520472
33256.537353833235
33358.73978217606
33431.626360918184
33506.58344243868
33580.0801982903
33677.88343970641
33779.64061890988
33889.55139850129
33989.541797253536
34072.62738659353
34178.720157695876
34270.89223260926
34360.143964113544
34447.15524743776
34538.210986310674
34645.0024065868
34740.19735575111
34818.94548902949
34897.033790855836
34999.95066775186
35096.24152301578
35188.343143903556
35283.634820586994
35351.70885698265
35434.399548434136
35529.231463752294
35604.711314628956
35687.036952303926
35770.03593091524
35845.37904317425
35927.938498589254
36030.139210362126
36121.651160964015
36201.74367933183
36285.12756570382
36353.9639020636
36453.781672232406
36545.42343878704
36618.71247071625
36707.24659193162
36809.82180110339
36919.70404466984
37001.23641937765
37075.81792907501
37171.52699245655
37244.44290878596
37312.97435959667
37402.0050007709
37581.796213273185
37837.577257890924
38006.371750082966
37992.75964453954
38037.644161856675
38177.19790319138
38282.36978533488
38313.06954534145
38317.09877151276
38368.74233868834
38437.288731092674
38471.94464358462
38526.24432778795
38560.52126576968
38579.769052394935
38572.86674159942
38525.609107337325
38508.54270158252
38456.951578866996
38380.76952382838
38299.97064627957
38267.69427447305
38233.686655065845
38181.58339318966
38149.258130253584
38130.508940881315
38109.18635290707
38098.74498945914
38064.05341403849
38008.29872968916
37962.368981333864
37944.05392987817
37931.39270046423
37908.90349310184
37869.51061042385
37844.3619300565
37835.350941264405
37823.30064719061
37795.192186072076
37778.94830268572
37765.698994992796
37771.47332641357
37755.0113651709
37736.43302734252
37710.98694104411
37692.77917548983
37684.39715763135
37671.89532301331
37655.07913394902
37638.439763203794
37610.32593148289
37582.20742646835
37588.04040743811
37578.99764476994
37554.992084963975
37536.89315721721
37517.77183069684
37500.414836300166
37472.38490509307
37421.64650387407
37404.64129082175
37408.14953639702
37435.809876904736
37424.86930443291
37382.608763693504
37372.41580159261
37378.31574319437
37356.76509014718
37329.532748475336
37310.40424916259
37291.813383624016
37269.153607150074
37243.09072178
37242.235847488766
37224.42274839204
37209.60229167946
37180.35311755063
37149.616456879536
37122.69312469062
37096.106314295896
37063.97642651346
37031.44885709179
37008.44859559597
36986.6795953918
36967.82464366813
36942.87050107912
36917.52645663056
36883.189567354835
36858.09907252959
36892.924129510386
36964.02929055042
36970.723586416905
36900.36508717862
36893.618942515364
36915.9428917134
36886.49741621872
36845.335310639646
36815.17634055994
36782.418592309026
36752.101972341625
36721.72866658197
36729.871229331846
36815.89178783738
36831.38558352408
36731.143504142405
36680.830328257085
36667.82644472613
36633.8351030291
36528.35090711713
36442.94784201026
36395.14287488057
36338.648724578896
36275.709191581336
36244.56377010853
36228.13737548001
36199.23945965105
36159.25482697287
36105.20787700595
36051.630338841285
35986.99993531325
35914.06378013335
35886.12998527766
35872.11573487266
35831.01022915046
35786.20469050961
35764.24635034849
35751.22711444226
35739.54578128825
35724.488263253494
35713.34401918123
35708.678066079934
35699.397907509345
35681.86057185043
35695.833018051926
35704.18256091027
35704.531806955994
35715.28878997947
35747.94850450268
35759.43130664949
35766.71349565242
35767.64850025717
35789.358893772915
35821.88377672944
35852.73597882035
35862.56436830347
35885.49270644923
35908.165584179274
35919.93654646505
35935.85684505187
35966.354760420596
35989.020421912835
36024.61444999231
36042.94077305796
36074.79516643049
36117.494774599945
36147.843761481476
36178.92151103208
36206.97925672037
36253.36813280758
36295.8751177455
36357.089904499975
36416.48716166934
36461.6174879885
36509.598654334826
36572.0652785835
36642.74077776484
36721.241915642
36798.98707600842
36892.481629235874
36991.707016723616
37099.273498073766
37241.69597879663
37368.31685017354
37532.25439082931
37722.629661777515
37890.15318515556
38095.23610219905
38319.97487194147
38553.65753025688
38806.25493842134
39063.83551044757
39332.565699885345
39630.07218548955
39953.44639811042
40256.63734357718
40590.03593953011
40938.508136520126
41277.355468278445
41673.22954064076
42020.629007286654
42388.463274103946
42792.400203871985
43161.77198720794
43511.82793150044
43859.154596465836
44243.78568262325
44607.82686702056
45039.40977707585
45440.32474670196
45877.06146254308
46272.04137026858
46611.974392678545
47068.531459336635
47452.941950447115
47875.19532733124
48319.058678752444
48698.95535973683
49149.99880761872
49521.84340457907
49939.048571498686
50288.72683838395
50655.744079546515
51044.84563075215
51367.7965099888
51660.89347965535
51908.01825987025
52142.75854903678
52346.653681949036
52511.4237694416
52695.504778898154
52842.9043340824
52973.130987672346
53070.3275658182
53159.02742010304
53246.49726270819
53309.0176595856
53370.18210445104
53415.08362192901
53439.812475118095
53460.31382501923
53471.126909959035
53484.61632893766
53493.298389483134
53488.12274932769
53476.24971399012
53455.621502498834
53429.452033146685
53388.44107853472
53363.909040982675
53340.482367748424
53297.51524367143
53261.75247465745
53225.86915757328
53204.40307243257
53180.899318858086
53145.29331722819
53111.61151196627
53078.8998208291
53066.639660042274
53051.53125886988
53049.431570850145
53045.662427569085
53046.204482271074
53034.25043851836
53034.13387007419
53035.32682248106
53060.41235545682
53066.14490674214
53067.06806163344
53098.60968075597
53126.50670987312
53170.76312469028
53211.49064953308
53250.182888125724
53298.9206113784
53351.63064125655
53397.04178052544
53442.639975136575
53488.350446218086
53533.53590943683
53594.382565274645
53671.37444988992
53746.98104443904
53815.10891695051
53905.827741322675
53997.21199351397
54104.48202490233
54193.536843168695
54286.02130281294
54392.35425490603
54497.89542966036
54594.15148282556
54652.389548445695
54690.83792510144
54803.38412167989
54909.051629940084
54985.407395457056
55047.47679114663
55161.60381983115
55264.76098397914
55358.83368902237
55450.51438730573
55562.47452955088
55654.97812317712
55743.20647746661
55836.399854970274
55953.39063698627
56050.51616835825
56154.94013794397
56261.37882081509
56397.301550581455
56501.052804609404
56595.82594324182
56676.95626775235
56764.699065443485
56852.21097711302
56935.57871755701
56988.68613862533
57061.32377985651
57108.13791766796
57159.39051870546
57213.44011454815
57258.631273692015
57298.76124766962
57359.17300814766
57392.12438387357
57425.78707095192
57447.2222465536
57487.44332413936
57528.177906937555
57557.75448521966
57585.05607021251
57608.87549739657
57621.63588459944
57650.671390881485
57658.629685884596
57670.9921873594
57684.28614803656
57698.056608532395
57713.71009690856
57718.802918778434
57727.793052370806
57731.148227931866
57729.85369942147
57726.82923750926
57742.50553999595
57737.30398317512
57726.020326405494
57706.89239040544
57693.85761398219
57656.44231018657
57626.92361811082
57582.74425242316
57531.88016025804
57481.74573080255
57429.690225382576
57372.54481732172
57323.38860165947
57256.195164894845
57174.10279816641
57089.58883080289
57042.504847212
56984.35576673633
56896.80355968941
56827.669801132164
56752.11389232347
56669.90992168763
56576.41867865196
56485.696683069866
56401.08197241069
56299.06362518908
56200.12495964206
56102.83021917666
56027.8863908885
55939.77733982229
55868.23623405194
55786.64313418718
55707.22720688196
55634.73918451663
55535.16946023482
55454.5342721962
55360.528551536554
55253.96227108182
55157.93920875529
55017.808287915796
54813.00192967459
54700.9663355874
54637.817707891045
54526.30991989432
54390.41182732258
54295.49989401037
54215.1823317461
54111.82060083485
53994.13835760648
53889.4282990533
53782.475043219616
53649.8606200329
53509.946182012616
53371.99406288272
53253.49725745832
53139.9414756794
53036.574542282746
52910.88808093483
52818.19361083623
52654.12566426452
52476.31537570562
52312.0777689768
52152.575211122596
51965.396629667004
51780.00823784543
51597.04947256908
51384.783565695325
51148.621627337394
50954.66772600283
50763.02574608166
50526.52383214159
50276.35995568621
50013.265731183936
49741.72861066367
49496.57382461287
49200.05380856069
48906.88013624251
48606.28807564158
48400.40422960761
48082.749600351424
47826.76380648883
47541.83991622936
47262.54962245081
46987.084734838354
46705.64064820396
46440.17183511693
46220.15151645262
45973.155899863894
45742.68621516779
45512.62774031872
45297.1044891054
45089.01144457165
44867.21111130508
44679.393482166044
44503.5490511703
44329.51546850893
44164.59459177258
43990.571635112836
43804.93854577569
43649.61578965667
43459.212106741434
43281.1377290365
43081.97169949376
42897.90197658054
42719.00426381799
42576.852658378666
42417.70880480646
42239.054412679616
42075.73836209968
41900.665181091485
41746.749232578935
41590.01785100538
41465.85415692621
41304.35145745959
41159.30076270089
41025.040071975614
40897.2824587218
40754.44761027515
40605.450687720266
40490.30284238496
40352.204075979156
40208.87379853062
40100.09893203268
39943.25482918351
39813.719033135654
39655.39234513906
39509.797243115216
39352.80122581645
39219.86268802643
39067.76918093568
38926.25710822714
38755.658036333545
38616.086109192016
38471.94699943484
38325.542685973596
38194.96578060452
38067.14201186833
37944.20418463964
37784.02699291038
37671.78515323108
37531.51251139712
37408.824011435405
37250.936550721686
37111.76559339757
36972.56462535851
36825.46282831412
36680.586261482946
36541.83551407268
36416.5231812879
36289.85844131776
36181.26600900141
36054.984208888636
35927.714487537036
35811.25448922397
35715.00677680742
35606.91155055345
35485.637287957994
35383.64519744303
35286.10595339456
35149.54597645367
35037.14019571082
34934.95571867046
34825.12869611947
34708.50184228321
34608.00903865233
34520.647844570216
34418.636397761904
34333.64917182624
34235.8830135958
34160.75341856091
34074.7877543091
33987.48452739321
33923.50667526458
33850.889564755875
33781.70082673265
33722.55117684249
33659.53051885034
33563.268282618585
33519.15019802781
33447.963833850095
33387.931327972896
33333.239286598175
33282.52631701725
33226.35449903017
33177.96199369465
33123.82607099661
33056.48102168722
32992.49829901708
32933.217358452406
32886.24455646125
32845.41965224467
32785.17708106107
32737.437399407867
32691.889543888457
32653.724373376775
32609.187717225468
32550.005092077943
32519.260723236726
32481.614897048185
32414.863580406887
32369.356121038207
32324.286479867584
32268.438562588133
32235.096565577187
32185.852216095165
32129.518008373045
32073.304094361476
32017.97109464041
31940.47077568443
31897.331160647576
31855.500006746563
31798.50033770279
31751.764210661087
31682.041436813088
31622.538392658094
31565.43866480548
31508.766118014493
31435.09499005069
31375.14246391092
31311.005444785664
31231.40478897399
31158.971909097574
31100.56897048418
31015.157745349006
30933.77442407812
30848.81803321822
30781.641355129694
30722.873232316488
30641.289554055846
30575.001240219055
30521.843911922668
30448.009308645866
30370.988922925404
30299.032780249425
30228.812944125595
30171.702786807215
30089.536305531776
30003.34281401186
29937.142452443
29864.424008416525
29806.69998018178
29739.173785145664
29678.30708155856
29623.66731781329
29561.102762693874
29522.29749112917
29467.068808004737
29396.1822943502
29338.580630288558
29290.935192281326
29243.527729277826
29205.893268228698
29154.10847177187
29106.603575855206
29066.297877466688
29031.308285223447
28996.660723046185
28963.814050020956
28945.55262358583
28994.69561498442
29117.96270524947
29030.10947899469
28940.868653467656
28980.73891601823
29020.753360311883
28985.41633886347
28969.64957014774
28981.25721167395
28994.175642001137
28969.378268546163
28965.670708392376
28977.67699025617
29045.535181125393
29046.72215745874
29017.258692742307
28997.59605420715
29002.081285836826
28978.759033792
28944.279797650688
28962.980323288106
29027.669304472412
29047.206476554136
29092.0173305224
29167.949259693254
29230.77227206229
29293.46461284483
29347.4961476985
29384.61218333195
29404.323608898638
29465.03568003774
29561.967534549967
29632.17558089868
29675.364803809578
29746.3553092476
29822.688889693025
29909.535122505018
29982.116169716828
30045.890103640173
30128.620145467587
30205.80278940087
30250.488835389904
30299.46020710116
30345.325658772254
30413.79137547643
30458.546575527376
30505.868956840084
30540.360027795396
30588.585446392382
30605.130794946897
30633.01928675239
30662.218727008738
30677.258929412466
30668.64888727462
30660.779835391444
30666.845788730447
30658.284162685595
30667.520093058945
30660.226251844215
30644.969099011727
30630.048179480127
30619.361672847732
30614.083058449003
30603.957281114104
30586.42029415031
30580.571823198294
30569.281219669403
30552.679239173103
30536.938938882828
30526.298257905106
30519.30643465433
30524.601263400902
30517.062811479223
30502.82333747547
30507.361223433178
30512.40607643194
30511.806277889704
30502.458728618643
30494.145800440267
30494.657956210984
30511.37991867506
30517.65222687208
30521.162340108905
30515.811067183764
30516.531545896167
30509.78499552751
30513.423637994703
30500.91079458583
30512.311658160415
30532.68666289213
30553.343170020475
30578.510541920838
30606.083316281838
30619.863372175456
30630.598506284343
30644.81785021465
30664.119942386904
30682.664832963223
30716.97884434451
30715.43706100003
30727.14806868754
30746.77264662134
30757.741273413783
30771.715776935565
30786.82284289648
