32163
32175
32196
32231
32264
32270
32336
32365
32459
32494
32481
32483
32474
32529
32534
32533
32556
32588
32611
32646
32675
32703
32734
32751
32782
32789
32812
32855
32908
32937
32984
33009
33063
33109
33156
33188
33221
33313
33312
33318
33335
33466
33483
33498
33502
33505
33512
33478
33494
33464
33439
33407
33310
33265
33153
33088
33038
32935
32861
32779
32712
32629
32435
32361
32283
32211
31978
31911
31726
31636
31572
31524
31438
31394
31275
31227
31159
31127
30867
30798
30772
30758
30746
30736
30767
30772
30769
30729
30703
30714
30738
30778
30824
30866
30931
31074
31142
31204
31297
31399
31581
31641
31872
31981
32084
32418
32697
32839
33042
33181
33311
33426
33639
33740
33930
34026
34126
34534
34658
34760
34865
34943
35086
35181
35508
35578
35640
35689
35806
35926
35972
36032
36150
36174
36177
36223
36212
36196
36243
36220
36172
36137
36078
35997
35927
35836
35694
35590
35488
35328
35066
34870
34725
34607
34450
34320
34131
33825
33687
33555
33357
33238
33108
32440
32286
32143
31628
31472
31349
31212
31096
30614
30499
30055
29932
29826
29733
29662
29522
29460
29412
29291
29260
29241
29228
29140
29127
29118
29124
29124
29128
29135
29170
29222
29251
29281
29333
29351
29394
29423
29455
29505
29535
29573
29722
29751
29785
29894
29913
29945
30049
30058
30094
30144
30150
30173
30246
30261
30281
30275
30281
30267
30283
30274
30267
30258
30245
30245
30231
30219
30207
30179
30165
30122
30104
30088
30073
30039
30042
30033
30004
30003
30013
30003
30015
30017
30017
30043
30059
30086
30109
30161
30194
30275
30337
30427
30472
30516
30619
30676
30791
30879
30960
31061
31139
31221
31318
31383
31472
31635
31702
31773
31862
32094
32177
32263
32342
32497
32584
32864
32932
33058
33129
33186
33283
33383
33435
33561
33623
33746
33835
33875
33918
34075
34111
34127
34148
34150
34161
34190
34210
34212
34203
34190
34178
34183
34173
34162
34155
34141
34117
34100
34071
34031
33988
33906
33875
33836
33768
33686
33651
33615
33557
33507
33474
33397
33373
33355
33346
33321
33296
33268
33252
33232
33196
33189
33155
33134
33108
33072
33046
33040
33019
32984
32945
32901
32873
32854
32802
32765
32623
32578
32524
32468
32392
32347
32295
32232
32107
32047
32000
31822
31755
31703
31654
31603
31532
31483
31422
31340
31278
31226
31090
31055
31004
30862
30809
30757
30538
30498
30423
30379
30313
30265
30231
30194
30158
30016
29996
29838
29797
29778
29650
29614
29519
29497
29466
29434
29424
29404
29407
29389
29360
29354
29351
29331
29295
29252
29225
29209
29173
29147
29118
29086
29047
28973
28929
28899
28865
28815
28760
28641
28573
28396
28329
28264
28030
27986
27941
27843
27745
27685
27633
27523
27378
27311
27246
27188
27129
27050
26995
26958
26906
26838
26709
26643
26542
26478
26338
26264
26170
26080
25976
25856
25775
25706
25593
25524
25447
25382
25116
25057
25005
24925
24840
24754
24695
24646
24612
24513
24414
24391
24327
24228
24214
24153
24145
24133
24084
24083
24079
24065
24050
24048
24064
24056
24067
24078
24111
24120
24132
24157
24164
24175
24182
24207
24204
24194
24206
24192
24190
24189
24190
24174
24148
24127
24098
24077
24030
23992
23938
23904
23815
23771
23658
23617
23522
23457
23392
23316
23232
23179
23102
23080
22935
22855
22826
22705
22694
22581
22537
22449
22416
22360
22270
22225
22193
22074
22040
21932
21888
21786
21706
21634
21569
21527
21434
21366
21290
21255
21186
21118
20946
20940
20775
20738
20698
20655
20661
20656
20613
20617
20595
20607
20622
20641
20689
20747
20816
20914
21011
21173
21271
21423
21504
21901
21993
22102
22176
22225
22284
22608
22670
22726
22822
22906
22938
22954
23048
23059
23181
23175
23174
23184
23157
23149
23120
23131
23121
23120
23091
23074
23052
23039
22967
22953
22938
22944
22941
22920
22935
22940
22966
22976
22992
23018
23046
23080
23121
23167
23203
23322
23368
23450
23493
23572
23645
23704
23783
23849
23918
24165
24227
24501
24575
24805
24948
25029
25178
25376
25459
25662
25758
25885
25969
26195
26276
26744
26830
27095
27182
27259
27337
27722
27805
27922
28099
28196
28281
28347
28531
28603
28703
28830
28891
28962
29031
29089
29155
29225
29441
29523
29678
29754
29890
29972
30053
30282
30345
30432
30505
30578
30657
30729
30894
30961
31122
31190
31361
31428
31530
31587
31639
31818
31870
32025
32085
32126
32457
32508
32562
32593
32656
32700
32817
32845
32867
32958
33024
33046
33124
33152
33213
33234
33239
33272
33293
33298
33301
33329
33369
33387
33395
33431
33443
33469
33484
33525
33548
33561
33571
33581
33625
33637
33671
33689
33712
33731
33770
33790
33856
33895
33930
33987
33999
34019
34046
34072
34136
34155
34177
34205
34240
34256
34279
34298
34333
34365
34376
34426
34433
34453
34493
34497
34542
34552
34572
34578
34590
34586
34572
34577
34574
34550
34531
34523
34513
34499
34483
34468
34437
34409
34380
34341
34310
34281
34242
34202
34147
34106
34057
34039
33954
33891
33865
33814
33720
33684
33614
33562
33524
33483
33433
33397
33350
33292
33249
33105
33062
33024
32946
32870
32819
32784
32694
32660
32542
32504
32434
32395
32321
32292
32138
32099
32069
32031
31919
31893
31865
31797
31741
31740
31722
31667
31646
31629
31548
31499
31482
31443
31391
31300
31209
31223
31167
31139
31091
31081
31067
31008
30993
30989
30978
30986
30987
31013
31038
31059
31089
31122
31162
31172
31186
31187
31263
31272
31335
31348
31345
31352
31363
31419
31418
31393
31375
31365
31327
31306
31268
31242
31214
31173
31137
31068
31018
30980
30941
30890
30820
30783
30740
30678
30581
30556
30472
30400
30389
30379
30359
30251
30238
30227
30200
30153
30139
30068
30028
29982
29976
29943
29924
29841
29810
29729
29699
29589
29552
29519
29488
29463
29428
29383
29380
29387
29284
29275
29240
29223
29213
29212
29204
29205
29179
29130
29123
29155
29127
29021
29018
29076
29067
28994
28987
29020
28989
28978
28922
28945
28951
28980
28999
29038
29093
29119
29167
29202
29277
29310
29329
29357
29383
29389
29452
29458
29502
29502
29496
29551
29531
29499
29480
29450
29414
29333
29278
29245
29207
29170
29089
28981
28959
28930
28728
28685
28621
28478
28436
28357
28329
28290
28166
28145
27995
27929
27874
27852
27708
27687
27644
27634
27624
27619
27593
27594
27604
27591
27589
27617
27621
27599
27595
27617
27642
27649
27688
27717
27777
27798
27826
27857
27916
27986
27996
28108
28169
28204
28297
28392
28456
28519
28568
28625
28744
28790
28832
29040
29090
29166
29229
29339
29404
29510
29567
29640
29821
29917
29983
30052
30133
30280
30365
30540
30728
30840
31014
31239
31382
31634
31782
31992
32152
32440
32602
32757
33176
33349
33656
33832
34004
34655
34838
35030
35742
35953
36160
36781
37058
37433
37634
37843
38199
38408
38882
39103
39959
40157
40929
41152
41574
42016
42206
42688
42879
43025
43287
43410
44029
44143
44331
44435
44534
44803
44935
45007
45444
45501
45542
45726
45946
46018
46053
46309
46337
46433
46447
46663
46673
46676
46700
46763
46759
46800
46780
46777
46753
46721
46699
46670
46629
46600
46572
46499
46433
46403
46376
46287
46269
46262
46228
46203
46199
46163
46155
46163
46184
46203
46229
46276
46309
46355
46403
46463
46574
46640
46723
46825
46921
47073
47188
47315
47449
47798
47965
48132
48614
48816
49300
49516
49727
50066
50288
50508
50861
51100
51523
51781
52109
52377
52637
52942
53624
53898
54682
54984
55270
55873
56146
56406
56765
57102
57434
57761
58052
58362
58611
58840
59196
59504
60040
60279
60476
60689
60869
61382
61595
61783
62186
62475
62649
62873
63043
63370
63498
63668
63898
63992
64160
64459
64536
64865
65097
65152
65185
65254
65284
65311
65426
65418
65431
65435
65437
65450
65452
65446
65435
65420
65403
65333
65318
65310
65280
65270
65202
65156
65135
65067
65053
65022
65022
65031
65021
65000
65002
64979
64969
64972
64974
64973
64988
65015
65034
65056
65103
65126
65221
65251
65283
65313
65384
65392
65392
65426
65438
65463
65476
65483
65556
65561
65566
65577
65590
65582
65582
65576
65568
65573
65586
65584
65578
65578
65572
65565
65546
65539
65524
65505
65480
65431
65403
65315
65273
65192
65141
65077
64993
64933
64881
64758
64685
64624
64432
64324
64262
64156
64086
63949
63842
63768
63477
63280
63175
63066
62894
62785
62592
62443
62342
62162
61851
61738
61463
61355
61276
60851
60715
60594
60459
60362
60140
59988
59777
59473
59370
58902
58790
58688
58439
58301
58174
58078
57841
57765
57653
57530
57441
57339
57071
56983
56889
56512
56398
56278
56054
55901
55649
55545
55416
55272
54776
54336
54213
53824
53616
53404
53276
53172
52622
52435
52149
51724
51601
51461
50777
50599
50183
50036
49632
49059
48817
48681
48519
47853
47668
47504
47244
47117
46976
46743
46262
45989
45687
45569
45076
44981
44566
44456
44362
44007
43625
43438
43343
43243
42952
42756
42689
42417
42334
41995
41944
41896
41680
41460
41412
41117
40987
40902
40687
40646
40352
40314
40218
39981
39937
39893
39655
39622
39473
39369
39332
39260
39099
39033
38985
38943
38756
38727
38616
38592
38478
38299
38204
38082
38047
37993
37898
37846
37753
37520
37395
37343
37268
37046
36892
36841
36697
36611
36559
36420
36264
36126
36038
35724
35672
35569
35433
35247
35100
35046
34776
34696
34580
34289
34228
34043
34002
33924
33718
33658
33518
33439
33270
33241
33210
33082
32985
32904
32764
32747
32640
32570
32447
32358
32332
32283
32162
32148
32086
32056
32006
31946
31927
31885
31809
31749
31748
31667
31604
31586
31492
31472
31321
31297
31230
31180
31075
31054
31028
31020
30957
30894
30890
30772
30738
30700
30700
30652
30644
30622
30572
30549
30532
30508
30481
30460
30470
30434
30423
30412
30411
30408
30395
30382
30370
30344
30328
30315
30311
30293
30289
30267
30249
30208
30215
30169
30163
30137
30123
30076
30066
30047
30008
29988
29973
29930
29920
29886
29854
29859
29808
29801
29766
29760
29716
29716
29681
29672
29650
29647
29632
29611
29593
29590
29588
29587
29597
29607
29621
29619
29629
29636
29650
29679
29681
29709
29711
29749
29757
29770
29771
29762
29785
29784
29796
29849
29856
29876
29878
29913
29920
29926
29927
29963
29989
30008
30035
30055
30075
30118
30131
30156
30165
30172
30217
30224
30246
30253
30269
30287
30315
30338
30348
30401
30414
30474
30489
30506
30546
30583
30597
30612
30670
30696
30721
30747
30763
30816
30833
30856
30872
30902
30927
30948
31006
31027
31075
31151
31127
31118
31131
31156
31191
31184
31239
31260
31291
31311
31330
31366
31377
31395
31392
31409
31431
31444
31491
31520
31532
31522
31530
31530
31520
31552
31544
31546
31541
31558
31546
31532
31530
31527
31499
31454
31431
31424
31379
31344
31323
31242
31233
31169
31164
31088
31077
31078
31038
31017
31013
30991
30977
30979
30968
30954
30959
30968
30962
30955
30974
30980
30976
30984
30999
31002
31013
31043
31037
31059
31058
31058
31074
31075
31087
31088
31098
31105
31103
31131
31139
31160
31167
31178
31200
31221
31221
31246
31262
31289
31318
31330
31315
31325
31368
31420
31427
31461
31504
31583
31609
31657
31714
31744
31870
31920
31981
32040
32282
32360
32449
32518
32566
32613
32679
32850
32910
33079
33136
33248
33364
33477
33531
33606
33661
33839
33890
33933
34093
34161
34240
34280
34323
34416
34465
34584
34673
34736
34863
35059
35108
35161
35222
35434
35529
35617
35661
35760
35840
35933
35985
36047
36085
36174
36272
36345
36385
36426
36520
36561
36746
36798
36939
37069
37128
37335
37377
37439
37570
37666
37789
37827
37875
38049
38080
38218
38265
38370
38366
38371
38360
38325
38343
38330
38325
38305
38286
38281
38280
38282
38269
38239
38214
38125
38135
38112
38091
38038
38029
37997
37984
37927
37919
37893
37887
37850
37792
37778
37775
37759
37746
37715
37708
37706
37689
37670
37659
37631
37634
37619
37595
37566
37529
37526
37530
37522
37489
37474
37453
37454
37437
37413
37394
37380
37361
37343
37334
37334
37303
37286
37263
37245
37206
37195
37174
37130
37111
37069
37047
37004
37004
36982
37011
36992
36939
36925
36934
36912
36876
36863
36851
36846
36833
36833
36852
36847
36824
36786
36782
36750
36719
36678
36619
36601
36560
36517
36504
36497
36442
36400
36377
36322
36296
36268
36191
36105
36076
36023
35945
35932
35923
35876
35853
35838
35795
35786
35768
35761
35777
35781
35786
35781
35782
35788
35798
35791
35794
35799
35805
35816
35826
35859
35872
35903
35921
35919
35941
35943
36002
36015
36044
36081
36135
36154
36167
36204
36246
36286
36329
36396
36472
36528
36576
36757
36811
36889
37089
37210
37305
37468
37628
37728
37875
38109
38230
38451
38580
38850
39071
39224
39814
40201
40390
41151
41388
41611
42173
42412
42657
43214
43472
43824
44442
44684
44919
45646
45888
46347
46756
46964
47153
47340
47656
47826
48527
48694
49011
49161
49293
50283
50412
50895
51164
51274
52052
52150
52414
52489
52637
53033
53074
53109
53130
53154
53186
53194
53344
53353
53364
53353
53359
53367
53362
53351
53338
53321
53308
53284
53285
53225
53219
53211
53200
53171
53153
53154
53155
53125
53100
53095
53107
53119
53116
53116
53116
53145
53161
53201
53221
53247
53286
53309
53404
53453
53491
53504
53562
53611
53715
53765
53815
53978
54038
54086
54168
54185
54233
54374
54538
54585
54648
54900
54965
55040
55101
55164
55265
55419
55475
55549
55622
55740
55803
56005
56049
56120
56179
56375
56416
56486
56517
56566
56726
56780
56804
56829
56878
57038
57072
57158
57189
57260
57288
57369
57374
57461
57471
57480
57547
57557
57583
57610
57606
57615
57643
57657
57689
57697
57722
57720
57708
57712
57693
57676
57657
57636
57616
57588
57527
57488
57450
57389
57359
57308
57268
57210
57065
57011
56965
56911
56786
56731
56640
56557
56517
56472
56368
56307
56277
56172
56114
56066
56019
55788
55721
55645
55568
55420
55320
55225
55158
55008
54965
54918
54862
54756
54448
54390
54314
53994
53912
53813
53736
53664
53579
53468
53389
53285
53201
52947
52665
52559
52386
52252
52133
51789
51663
51529
51408
51177
51060
50648
50446
50276
50137
49965
49674
49581
49464
48979
48876
48774
48470
48326
47858
47754
47653
47241
47131
46671
46585
45773
45672
45334
45222
44952
44742
44644
44563
44201
44107
43859
43750
43672
43398
43323
43103
43034
42974
42721
42616
42548
42014
41943
41679
41599
41449
41391
41175
40941
40869
40694
40596
40526
40471
40136
40082
40009
39866
39750
39585
39538
39327
39223
39187
38838
38788
38653
38478
38250
38204
38067
37878
37610
37558
37488
37356
37194
37140
36883
36741
36703
36434
36385
36060
36001
35935
35732
35649
35445
35370
35294
35208
35143
35091
35025
34965
34851
34698
34658
34518
34345
34307
34278
34188
34012
33986
33961
33793
33775
33708
33687
33592
33467
33457
33371
33346
33334
33260
33155
33147
33081
33064
32998
32984
32916
32862
32842
32712
32677
32614
32537
32518
32444
32364
32302
32288
32274
32166
32152
32105
32029
31996
31947
31875
31803
31753
31698
31668
31561
31518
31428
31407
31388
31334
31195
31134
31117
31085
30896
30874
30793
30711
30671
30592
30464
30425
30289
30228
30214
30072
30026
30024
29914
29834
29793
29773
29722
29678
29559
29525
29462
29424
29375
29355
29273
29242
29271
29182
29139
29095
29103
29090
29070
29060
29028
29018
29021
29028
29047
29060
29040
29043
29002
28997
28998
29004
29019
29031
29058
29090
29095
29101
29135
29169
29192
29205
29239
29299
29327
29347
29359
29428
29452
29559
29633
29687
29755
29786
29814
29854
29935
29980
30060
30115
30159
30192
30299
30359
30370
30431
30448
30501
30539
30536
30602
30599
30605
30621
30651
30645
30646
30656
30654
30632
30611
30605
30590
30590
30585
30575
30571
30569
30566
30558
30559
30559
30554
30545
30535
30526
30520
30529
30525
30519
30523
30531
30542
30539
30528
30542
30563
30573
30587
30584
30600
30601
30616
30606
30625
30666
